506
1056
1072
1079
1073
1080
1081
32
1074
1089
1080
1095
1082
1080
32
1090
1091
1093
1083
1080
1095
1082
1080
32
1079
1072
32
1076
1072
32
1089
1087
1077
1095
1077
1083
1080
1096
32
1080
1075
1088
1072
1090
1072
32
33
13
10
1053
1077
32
1086
1089
1090
1072
1074
1103
1081
32
1090
1086
1087
1095
1077
1090
1086
32
1076
1072
32
1087
1072
1076
1085
1077
44
32
1079
1072
1097
1086
1090
1086
32
1097
1077
32
1079
1072
1075
1091
1073
1080
1096
32
13
10
1078
1080
1074
1086
1090
46
32
1042
1089
1077
1082
1080
32
1074
1080
1076
32
1090
1091
1093
1083
1080
1095
1082
1080
32
1077
32
1088
1072
1079
1083
1080
1095
1085
1086
32
1090
1074
1098
1088
1076
32
1080
32
13
10
1090
1088
1103
1073
1074
1072
1090
32
1088
1072
1079
1083
1080
1095
1077
1085
32
1073
1088
1086
1081
32
1091
1076
1072
1088
1080
44
32
1079
1072
32
1076
1072
32
1088
1072
1079
1073
1080
1077
1096
32
13
10
1090
1091
1093
1083
1080
1095
1082
1072
46
32
1055
1086
1085
1103
1082
1086
1075
1072
32
1086
1090
32
1085
1077
1073
1077
1090
1086
32
1087
1072
1076
1072
1090
32
1073
1086
1085
1091
1089
1080
46
32
1058
1077
32
13
10
1084
1086
1075
1072
1090
32
1076
1072
32
1085
1072
1087
1088
1072
1074
1103
1090
32
1090
1086
1087
1095
1077
1090
1086
32
1086
1075
1085
1077
1085
1086
44
32
1076
1072
32
1091
1074
1077
1083
1080
1095
1072
1090
13
10
1087
1072
1076
45
1072
32
1080
1083
1080
32
1076
1072
32
1075
1086
32
1085
1072
1087
1088
1072
1074
1103
1090
32
1089
1090
1088
1077
1083
1103
1097
32
1089
32
1073
1091
1090
1086
1085
1072
32
32
83
72
70
84
46
13
10
1052
1086
1078
1077
32
1076
1072
32
1080
1084
1072
32
1078
1080
1074
1086
1090
32
1080
1083
1080
32
1084
1085
1086
1075
1086
32
1090
1086
1095
1082
1080
44
32
1082
1072
1082
1090
1086
32
1080
32
1087
1088
1091
1078
1080
1085
1072
13
10
1087
1086
1076
32
1087
1072
1076
45
1072
44
32
1079
1072
32
1076
1072
32
1085
1077
32
1080
1079
1087
1091
1089
1082
1072
1096
32
1090
1086
1087
1095
1077
1090
1086
32
1079
1072
32
1086
1087
1088
1077
1076
1077
1083
1077
1085
1086
13
10
1074
1088
1077
1084
1077
46
32
1048
1084
1072
32
1086
1073
1072
1095
1077
32
1080
32
1083
1086
1096
32
1073
1086
1085
1091
1089
44
32
1082
1086
1081
1090
1086
32
1087
1088
1077
1074
1088
1098
1097
1072
32
13
10
1090
1086
1087
1095
1077
1090
1086
32
1074
32
1086
1073
1080
1082
1085
1086
1074
1077
1085
1086
46
0
