554
80
76
65
89
69
82
67
72
69
0
65278
65278
65278
65278
65278
65278
1
2
36
40
90
1
1
80
90
4
2
120
90
4
2
480
90
2
4
520
90
3
1
560
90
2
4
600
90
4
2
640
90
4
2
680
90
1
1
720
90
4
2
440
130
2
4
480
130
1
1
520
130
1
1
560
130
4
2
600
130
4
2
640
130
2
4
680
130
3
1
720
130
2
4
360
170
4
1
400
170
2
4
440
170
3
1
480
170
3
1
520
170
3
1
560
170
4
2
600
170
3
1
640
170
2
4
680
170
4
2
720
170
1
1
400
210
2
3
440
210
2
4
480
210
2
2
520
210
4
2
560
210
2
4
600
210
4
2
720
210
4
1
360
119
6
1
400
105
1
130
470
0
851
